6881
510
556
6678
2231
3735
2267
1164
7632
1390
8931
1020
7499
122
5496
4106
8556
4244
6192
4235
7065
123
4700
8082
2298
7101
3591
4366
2008
6560
7836
471
7069
8392
8730
882
3709
2579
3627
2923
3968
2559
3942
3049
2680
1020
8737
2818
5264
6511
8634
2329
6633
3334
1993
513
2017
7166
4878
4025
3726
4297
6077
795
2689
4808
3258
6397
8968
6884
9319
2937
9442
4844
7567
3704
7445
6304
6521
4291
2816
6737
8201
9448
72
195
9961
2088
8942
6421
7694
2668
718
3772
5044
4988
162
8301
1385
9129
6767
2287
3648
6210
8712
1216
1496
6157
9101
9599
449
1917
6336
8649
2948
6407
426
4491
78
9367
2494
7771
3617
3212
3125
8660
8199
3286
6961
1167
3998
3729
5035
9227
1521
3747
443
3016
1486
9544
4197
1934
3043
534
2166
7572
8522
4173
2063
8599
5123
4557
6371
8739
9350
9495
7400
9131
4364
4361
1880
9943
9671
6914
9170
2774
2243
9613
7372
3729
740
1569
7244
5364
2102
9409
2937
625
5165
4999
9223
288
1138
5594
9026
2070
6672
6426
2784
2618
2370
4663
2561
3623
3160
1731
6397
5402
2926
3769
713
3665
5337
7957
612
7439
8948
3548
9645
4113
129
8868
4400
1267
6045
3427
4918
4299
9852
7701
6916
2222
3947
9476
5845
8688
2789
3824
4090
7297
7592
4803
2544
2929
4342
3155
1950
3290
6702
1595
7403
6831
2046
1803
9679
9672
5229
4597
3971
5082
3881
2469
8885
9409
3527
6312
8097
6315
136
2187
3612
9309
8571
6156
3821
2913
9310
7352
7785
7595
8947
5188
4426
2575
6990
4105
2247
2220
284
7799
8883
4164
268
9350
3573
3794
7245
1670
1691
8962
5439
6885
8272
5592
3041
3675
88
3933
1027
7872
1528
1556
3060
7535
4130
50
1640
7958
3851
1924
5757
4316
7669
7606
5249
1243
1400
2494
4494
4673
3038
9932
1558
2892
7107
6180
6566
7194
1695
7593
5066
3223
9148
8125
758
4861
9756
3980
2819
5190
5903
159
1088
5154
7764
6336
6396
747
412
891
5419
3450
2405
6976
6341
9511
4738
4490
6705
6432
2083
3353
1237
2813
1478
3577
7673
2817
7556
2075
8006
5041
2233
676
195
1579
7012
8173
2325
7423
646
9325
2455
4632
7883
379
4144
2621
4868
2431
9053
8532
7366
1872
1345
426
5448
601
3242
4586
4257
2830
9626
8071
3506
1404
9649
2100
9576
3557
1105
1804
2882
3560
6435
766
5520
2161
3386
388
4592
4021
8919
3540
7475
1846
3965
2923
4028
7207
7509
8284
1619
8717
6355
6706
121
6005
8805
1279
9561
9910
3082
4025
5052
9517
4790
572
1678
9758
2541
7851
5361
3042
1391
2836
4887
5356
7341
8915
4145
6432
8781
7345
5149
5137
4052
6852
2724
4439
8130
3867
5931
2795
7891
2565
2312
4264
4718
5571
5604
7258
5005
2547
1882
6395
5383
6769
3333
4306
7266
9059
738
7629
6405
5886
4348
2039
2738
7071
8059
2451
2520
3991
5245
1994
6555
9138
7839
2856
6291
3443
114
1296
5989
3578
7691
2954
1929
2606
7259
9194
3248
9578
8405
9652
5465
2754
3273
9784
1407
2914
3817
3927
6904
644
7502
5042
1364
5341
7897
7655
366
9592
8950
7936
3170
8223
891
5098
2412
9731
5874
5659
9310
5862
6893
6357
8615
166
6141
22
3079
1541
5530
1566
2184
3032
8189
3548
9954
6086
1203
320
7260
1735
8256
2013
9958
729
8692
2370
460
6149
8028
1352
2011
4921
7708
626
6668
5432
2229
1329
6972
7759
4476
9155
2373
2665
4285
3910
333
5487
4229
7593
7222
4067
1188
8762
4795
9879
2714
6837
6028
2324
9770
9620
8826
7479
246
7076
4493
4057
8404
1465
3398
2881
2202
7352
7127
6487
1262
7460
3556
7073
6635
778
1140
7822
1122
7517
9283
3835
5936
6894
6158
5706
6514
6566
4767
8342
3642
9259
2399
2047
2306
5796
6509
4508
4730
3636
2577
5992
2678
6132
3065
9312
8492
4204
8716
9613
3303
9582
5031
9238
8058
2771
6527
4572
9337
1294
4496
2979
2136
6894
6607
4441
4272
4698
531
9002
8334
4689
6576
2594
822
9640
3489
896
5426
3787
2091
8729
3369
7121
9549
1427
1475
6076
7581
812
8952
2077
5372
2670
554
3562
7110
6407
8259
9223
6991
8175
3912
3567
770
6315
4789
4258
8792
216
8044
884
527
2996
9586
1658
6004
1061
9316
3585
3454
8268
7244
409
938
9379
3970
9629
7368
2229
435
4360
405
5929
9508
2756
2244
4298
7013
2619
6095
6639
3502
8203
1217
3088
9860
7221
5731
759
2388
767
9026
1214
1175
1546
593
6726
2758
7961
8955
4774
3903
942
703
3411
3697
4529
9290
2292
7147
6967
513
649
5170
1730
5318
6613
533
2631
7371
4502
3398
7980
5716
6154
1108
7890
2881
5447
7433
3418
222
1336
4359
924
6329
9637
5452
7201
1929
4181
5751
4023
4829
2503
5752
1730
9115
7866
5942
8069
2369
922
7631
9666
7076
8738
7556
1539
5768
6572
6538
5989
7907
897
6912
5818
2116
3947
4602
5626
8127
353
9648
4539
2855
5401
7850
3553
4849
3792
1622
7217
4714
835
8465
3372
1155
6022
4910
6922
2594
1448
2911
2083
3926
1406
9483
7623
6934
4085
3249
6643
4437
2897
1182
7291
9879
9031
844
4729
4406
4047
3528
9119
4881
1994
4073
6036
9597
565
4540
3773
2012
7451
7437
7519
439
6920
6724
7372
1005
9972
4015
7023
4451
6779
5897
4331
7392
8322
642
1798
2370
5751
2499
8832
7744
6571
6450
8923
7135
991
4278
729
24
1716
9829
462
8635
6553
9415
1223
6525
5012
9827
2559
1791
5724
6889
766
4047
9112
2563
7998
4863
6644
8412
4190
3215
4863
3113
1933
5853
7391
4243
5876
689
4073
7919
9323
2208
7334
2128
316
2346
3538
2874
5719
9261
9762
6484
4890
8874
629
4470
5319
7272
2883
9508
2070
9327
4204
5584
6762
3177
9826
4220
3865
3899
2139
4770
6107
1055
6898
6422
4982
2018
9295
2283
1279
640
8766
7751
1096
978
3803
6414
8249
8267
7505
1901
7594
1709
7484
5938
4885
7311
158
332
2792
3878
5101
481
4932
3581
8484
1497
5598
9361
3779
8459
1
4128
6210
2678
5105
1595
675
4936
9862
8179
6837
9038
1470
5903
4977
7936
4796
6716
8267
7588
595
3368
9650
7108
6949
8135
8604
4129
7496
2384
2588
9079
6511
380
3339
1616
1975
4013
8133
1837
3774
4970
2457
5243
2456
7433
4761
7251
4150
3028
6421
6326
7978
6072
3434
4927
4207
2039
638
3285
4422
3226
3946
933
3605
7285
4130
7161
1298
2263
580
6654
8815
3037
3479
2853
470
8240
104
6201
1268
6525
2527
828
4179
5961
5754
8385
9581
7974
3252
4003
1200
7198
6517
6386
4483
2229
3548
7362
4491
4127
4016
4888
7163
7495
7740
9215
7317
9426
6998
167
7533
1108
995
1712
8650
8330
1679
8231
6304
4930
2234
9085
3710
333
5472
8192
2561
602
7137
8633
4728
1153
5104
3474
230
4426
4271
9128
3852
2851
9295
1385
3958
290
4678
2608
8619
7938
839
6506
4451
4654
5591
8160
6568
1063
6353
9128
1664
5072
9344
7974
6224
4448
3030
8036
8873
7300
7164
4308
1733
6459
7274
5691
8330
1953
9880
8532
1473
2302
5038
5923
8537
629
4084
5106
1692
2019
5816
4937
7090
5160
2911
4896
1190
7522
4514
1646
4822
1679
5953
6555
9719
3227
3828
8050
6761
3708
8164
8234
6009
3202
4157
4547
3830
9822
1235
7103
1841
7050
2041
513
3793
6533
5409
4982
4056
9922
6627
460
3183
2580
8596
4485
7389
4006
4117
5732
7714
2281
5548
5305
5482
1288
1434
894
1110
2668
7997
4533
1301
1620
5045
5093
9734
2036
1657
5372
3541
8284
7414
8305
2446
6010
2790
1417
17
6906
7149
9312
9186
2697
6199
6250
3984
7633
7144
5094
1883
6723
1209
3183
9924
6253
9857
9658
9871
1515
6613
3412
9798
4027
3299
3826
1619
6089
5243
3217
2995
2392
4111
3764
6670
311
14
655
7943
7157
7330
1408
5462
8538
4591
5386
6373
4448
6627
7826
7544
3240
2820
7342
8848
6119
1169
2049
2208
7993
6848
5202
385
959
8965
8636
1269
562
9290
794
7718
8202
2202
4763
6740
8374
149
4696
4404
6775
2522
1949
1597
5342
873
2027
1461
3623
4076
3668
1616
2506
452
3582
3464
1000
2219
6315
1561
3091
7108
861
1294
892
5623
9615
9265
7354
4311
5252
4129
6833
7200
7308
3757
8072
917
6799
1696
4992
2049
4893
7497
2500
8475
2544
5081
694
8858
8223
5366
5966
9084
6659
8440
6289
6275
7705
3643
586
2957
9354
9000
1739
8244
4339
9811
9160
1138
3089
5735
3186
7981
4814
7268
8038
7357
3931
314
6215
2155
5680
3764
2821
2339
2204
692
8613
1491
4335
782
6030
5271
1364
9350
3515
5703
744
2675
8422
3832
8409
1609
3396
3224
459
1434
2163
5971
1748
9960
8125
7427
3724
2528
1348
7509
3220
9961
582
7554
2325
8193
4407
5270
7544
7921
973
8287
2178
9395
3702
2170
2586
7097
5393
4626
8530
9137
597
1860
9097
305
9286
4403
2832
635
1912
6051
2178
4076
5187
6084
2269
9593
1354
1395
9096
3909
9682
1275
4886
3384
3444
7471
2063
419
3679
593
9555
5857
4035
8653
6161
4903
3056
8993
5537
6550
6626
9296
626
1814
6962
4476
2989
8316
5871
2086
3807
5553
3360
8692
519
8385
6163
2581
8803
1424
4755
8358
7280
8789
8593
3442
3693
1650
4017
812
9781
2225
1691
407
4038
8652
4882
8609
8550
753
695
2357
7887
5636
1049
9987
4021
8793
2568
2824
1799
8905
2764
9079
7694
1358
4103
2969
4589
9701
5363
4370
1926
7053
6358
7546
7287
1240
6155
7420
3575
8431
1359
3044
5649
3990
3032
1252
2783
7181
4075
6164
6086
8420
5243
5363
9777
928
8331
5948
2211
5276
318
4136
3911
6675
3264
1199
9497
1001
201
4654
9431
1559
7697
6662
5548
729
7913
9913
9492
3570
6077
5578
1991
2902
941
3350
5411
855
9298
7621
7712
1198
1757
1624
9455
5021
4404
8952
6021
4604
3606
7035
7744
2885
3697
4875
5196
3193
4788
4688
6762
2447
1848
8752
5348
4371
3685
2341
5225
2983
9961
4519
5762
3300
6142
5217
9902
546
5751
7506
6731
939
6123
4476
3824
9819
9350
602
4594
5720
5289
1357
8166
8718
1691
5096
3089
5375
7436
9895
9939
8979
4415
5702
2279
557
2501
2182
2685
8252
9687
9415
773
5810
5473
4596
7211
6405
6779
1806
2125
3650
4744
1873
2369
6434
6968
5457
1810
5986
5353
1749
4965
9767
7450
8826
1906
1534
2590
6172
9785
3859
7170
558
9668
2643
6736
8461
9048
3515
1849
2755
7165
8174
4628
1116
4609
3178
6572
6418
747
3507
9748
7293
4856
8781
6119
6762
315
8708
4516
100
2567
1686
2239
3817
4329
8974
3861
4959
4072
7291
9295
2819
5466
5505
3934
75
8683
2088
8074
1012
5595
7822
8304
451
6603
6006
8794
6917
6296
3311
8598
8863
6578
838
4262
2489
1394
9704
9029
5465
8578
8325
9865
4044
3830
3799
5700
4095
5887
3774
5106
3064
3178
3411
3514
1364
9416
3891
9862
7294
8783
8461
6157
5361
881
2002
7850
2274
3288
6879
9321
1866
5204
9186
5909
617
4568
3191
4711
455
8546
9817
3518
1725
4810
8613
4670
5808
2504
4532
3102
1287
2993
842
6648
5455
4425
6080
7729
7712
2959
8632
9578
9745
7818
7069
362
2386
261
5072
4422
389
6471
9521
2113
1281
8135
6782
8670
2221
2897
1773
3508
7471
4196
1738
2927
8620
7817
2238
6332
2358
870
7492
2103
8687
6144
4046
2656
7986
701
7077
8374
7171
6599
2070
35
6316
434
8704
8536
3330
2059
3626
802
7836
5363
3728
6456
4762
5965
4371
8702
8416
3445
2387
7103
9588
6433
1341
9156
7133
8418
7531
4304
6599
9600
5920
2915
34
6207
1451
4946
9847
5077
5747
7684
2022
1057
4140
6784
8603
93
7068
7019
3538
9454
5704
4708
5887
7045
3865
4602
7045
1396
8906
3644
2578
6408
6558
4193
2615
9590
9138
4045
4667
6467
1729
6689
9105
7450
5055
9290
7543
2123
6309
1081
3159
3596
7370
9046
641
1235
3648
9267
4212
4136
2911
8371
2127
1051
2565
4741
641
3285
368
5308
9752
2096
3579
440
9546
216
9730
7089
2338
7621
9751
5496
1217
7121
6124
3439
9938
1355
2706
5732
5490
7198
4104
7616
8248
6668
3940
8889
9952
4307
5779
1287
7985
9357
1727
7531
9572
3039
6202
3492
660
7535
570
1877
4656
6694
6897
6176
8048
9603
1909
5120
6801
6012
4319
6632
4262
9840
5521
4214
5729
1300
7083
3714
2239
392
1245
3393
3430
9028
6884
4089
6563
7453
5965
2802
5729
2863
8977
5359
4048
2468
2062
2431
8479
6380
9062
4323
7802
4583
8537
3531
7464
7202
7245
9702
7593
72
4677
1023
9100
1561
5111
5663
597
2659
8464
7907
7103
9024
4849
1151
1492
6910
5163
1554
4872
4226
5876
2674
391
5995
7786
7855
3197
5031
9139
790
6685
3817
1812
5785
6959
8505
3030
7555
1164
1495
7045
9848
2101
1894
999
3592
386
6161
6727
6839
1969
2604
1095
2360
8598
8880
215
3378
5494
936
5749
2179
6334
9143
7963
3294
7648
993
2431
394
4069
9475
242
6169
2951
2822
1344
3336
565
8070
1757
2534
674
2851
6475
855
1732
6689
5814
7225
9206
1563
986
5541
706
8948
8834
9935
1523
2847
1911
7174
3905
2152
4925
6855
6555
6268
1774
7120
4339
3530
1236
6594
6381
7710
9030
9694
5981
6426
8501
5187
7989
9486
2310
277
17
2726
1795
3121
5573
3705
295
1060
7439
6802
7914
3994
3070
1270
2696
8990
6382
5513
7167
2763
3223
7779
4039
786
4206
2540
7555
3777
2026
9864
5635
3624
4173
7429
6744
1328
2717
8621
2387
156
5423
301
5731
8492
3153
10
9065
9534
5522
6232
3879
328
4011
7917
1113
8216
2039
8667
3575
5646
115
9210
9269
4287
6639
6013
7196
938
4634
9582
1093
57
1465
8406
132
4617
8415
9196
4151
3937
7010
9611
4264
1021
7528
6959
820
9566
7208
4394
5212
7322
3604
6063
3191
1826
2077
387
2763
8292
9968
5438
9931
3016
5426
63
7632
3841
841
3366
9359
7850
2977
5206
8870
2088
3747
1272
1654
955
5666
8448
8277
852
4511
3050
2677
8169
3437
7022
6462
4987
4042
6393
8002
9467
8037
7217
4890
8877
583
4249
8309
5141
1037
8761
7228
4783
34
8882
5738
5699
8912
5597
6550
5005
8646
810
3175
3665
9413
1219
235
3455
7611
9818
4504
7230
7035
9393
7689
9199
5224
5998
4341
6261
4759
1569
2626
4792
2033
9945
2073
2527
5542
206
7532
5771
1015
2289
1018
2010
3507
1252
5464
2700
2653
1550
9929
1270
943
7618
470
7748
5198
6392
5591
9956
7960
8217
6331
1576
8162
8403
4102
5287
8608
3216
1058
1205
7086
2075
3214
593
4909
260
4874
9143
1809
4803
413
2751
4003
882
500
9200
8855
7672
740
8398
5889
7070
9973
5634
5473
5657
921
5664
456
1978
6868
7541
5634
83
9716
2125
342
4590
1268
2151
976
1681
6483
4978
4144
8564
5761
3000
6237
8082
1398
3708
5152
2953
9341
2207
192
262
7870
647
3821
4739
9770
9455
6403
9486
3162
6744
4076
4430
477
5051
6110
6960
1612
1836
5524
8954
6417
3343
7036
9396
7051
3770
2349
6392
7558
2541
8236
5429
4769
2057
1750
4539
3094
8152
5607
6256
6478
9683
686
6955
6316
8377
5497
9509
1795
2603
8463
8212
5946
7081
7608
2997
2433
1540
971
1574
5662
9206
7002
2013
2846
334
6552
5939
68
3741
3777
8127
5006
6044
5082
1323
6003
2161
2414
7798
4764
2460
7592
710
9540
5200
5288
3556
8321
6258
5129
3983
7047
3713
5996
1475
5628
4130
7413
7277
7870
2773
5404
2877
8816
2069
5781
4820
4229
8194
2618
8992
654
210
9701
1777
6991
4989
6914
5313
2830
3625
878
1459
7337
6873
2933
4547
2585
1928
1824
2038
4700
7227
4914
3517
9295
2277
9918
3525
2053
2536
2517
4289
4327
3801
7647
2900
372
4561
9794
4783
8185
673
6241
7104
9127
756
1651
3295
2684
3474
5332
7383
2283
246
2482
1579
4104
2400
6685
6156
6517
784
2027
2426
4584
9673
6908
6538
5816
6702
1321
4001
8956
9144
2687
9666
9899
4337
2961
2583
9392
8292
1549
1676
120
4030
3254
4223
8012
1521
1961
4529
2304
3988
8537
8470
5243
5445
5008
1060
2147
7910
6642
2686
7054
9329
2352
8536
5248
5312
2701
4641
3604
4249
6316
3723
9861
1152
9527
7873
2672
3070
3984
4975
8639
2521
5027
3883
7965
35
6524
1695
9527
3166
4380
6581
2495
8313
6699
7743
3625
9400
3966
8810
3649
282
4115
5092
3015
5224
2965
5686
8293
8531
2243
8515
2634
7270
2398
2182
8886
8921
3876
8413
2087
9837
6577
6164
8150
3276
5489
3357
2676
9454
3749
7907
9735
9445
2999
2750
4669
7546
18
4544
6077
3842
3059
293
1112
5456
2474
1581
5959
6349
9993
9628
7768
6570
7374
7500
1429
2863
2439
4104
2317
6187
2011
3634
5632
6592
7965
1883
4138
7982
6427
1797
1824
9485
2089
4518
6524
6145
6098
4065
2494
6091
3693
1845
4244
1067
9344
5672
3929
1784
1358
7827
7970
3369
1461
5185
1543
9425
7067
7262
8989
5076
9058
814
4562
2729
6913
2668
8873
3011
6732
2950
684
2008
4794
4927
4656
5720
2181
168
7503
3539
7994
7056
8489
9455
3823
32
463
2472
7293
9452
7548
7933
1848
3692
2244
8760
6359
2700
3353
3091
7231
4036
6680
3607
546
1337
9326
2726
1504
8412
6264
9497
7050
4753
535
873
6366
998
4926
3659
2032
2474
3174
3879
6165
7000
4221
2524
9699
7573
7197
6930
1609
5459
537
2154
6795
1445
6462
9880
9856
2726
9378
8488
9061
1495
943
5427
4074
5869
669
6105
8342
5424
1566
6090
2424
5786
196
2123
4941
7392
635
6550
4434
1171
286
1229
4198
6747
1110
4054
1056
2070
4125
117
3564
5067
7125
9220
936
9375
6907
861
4800
8473
6950
7223
5841
7145
929
783
6120
1563
8914
554
4316
9199
3364
8513
7529
4473
4149
8584
8124
8273
283
3271
4923
7407
2491
7440
6783
9397
8300
3165
9452
6832
388
6876
5560
2898
9240
1680
4461
8154
3815
359
8935
8760
8871
6464
4816
4602
5048
2940
4458
5330
6210
9380
4320
283
6820
2685
1263
6703
5849
715
3535
7818
9172
9094
717
8412
2356
6759
6566
7752
7117
7084
6513
7570
3548
1329
2172
179
5850
8211
7090
2061
7591
1410
3925
5994
4094
5187
2697
1525
5902
7813
9343
5074
8490
60
5069
2428
6818
3217
1763
5517
301
8275
3087
3849
1186
6840
4027
7035
5052
1117
678
4225
4109
4603
1801
8202
9789
6079
1310
7273
5475
653
3930
3965
2294
8998
7974
9111
3797
9736
6210
4098
9593
9296
7946
2361
7718
3555
979
4352
6253
1656
160
362
7840
1960
147
9212
9621
1456
8067
5096
3690
3579
9060
5983
4159
7034
6676
7956
8353
2886
2054
7946
3764
1582
308
1482
5136
1286
5834
2971
4523
5993
4915
3946
9534
6643
3158
9155
9680
2807
5833
3370
6386
4893
9352
545
3510
6028
8500
1863
8913
2136
1391
4259
3717
1698
5740
435
4565
3156
4988
671
731
9902
4616
266
6545
9355
1003
6225
2162
6836
1177
130
3311
529
2257
8402
8138
757
1847
8633
4475
3238
2892
8191
6517
8631
209
2665
3370
5196
3335
4100
5098
7950
5947
3225
7305
6950
1032
1049
5368
2208
2761
261
4318
5017
8663
2456
7355
2092
2671
1830
5329
5562
22
3429
5775
1812
6093
9144
7007
9427
4827
2105
8959
774
6911
7846
9305
7942
8894
6255
150
1655
6516
6049
8253
6761
8504
5609
8852
2757
7438
5764
9900
9041
9192
5675
853
5285
6402
7859
4712
2811
1546
3671
3584
8456
3099
4472
7980
1993
727
9711
5230
7242
5760
5065
5585
5846
674
4438
8602
8112
202
8502
7153
976
5760
9588
6260
3744
7447
2554
6554
8993
7806
1720
9031
905
6191
7012
4479
6918
8305
1291
5742
4066
6356
2910
9911
7029
8929
97
6723
713
8598
5459
1688
5940
5047
7947
1266
2494
2083
7819
3069
9888
9539
3683
793
7312
695
6853
5812
582
8144
1555
4647
4500
4464
6141
3111
3393
6237
9834
4105
6417
5293
7374
2358
1922
5321
3623
4415
7403
3025
9066
8873
4146
2749
9665
1458
5025
8100
8852
5606
6244
407
254
2326
6452
6394
5437
1427
4213
6853
7113
630
3728
4487
4569
5649
1390
9774
1646
375
4381
712
9247
8526
5042
495
1566
67
8594
418
7255
4839
2406
7508
7164
440
5484
4183
3448
1279
2618
561
1908
6345
6629
8059
3576
8018
9415
5222
8392
3796
7515
9221
3904
2558
9715
7051
2624
8310
9051
9878
3149
1457
8968
1895
3479
6034
7660
6926
7312
1860
9069
803
9787
5698
444
3363
5299
9858
167
5273
3654
7682
4495
7557
240
4210
6190
4445
2520
5241
5906
7250
8280
6456
728
1759
2491
9969
267
1385
1829
9335
3769
1616
6616
4212
4979
1915
4070
6727
7187
7723
4409
3264
6862
6230
7474
3053
2258
1576
9875
8163
409
8155
6201
1136
1496
274
1105
1763
1659
2933
1098
5427
6131
7713
9639
1110
1210
5291
7836
9979
4597
3828
3243
3041
58
2299
6093
3897
5457
7551
2060
5865
5706
9843
8582
7202
117
1269
8964
1775
5783
1644
8784
1914
940
6
4605
3731
5296
4024
3710
1475
7851
8535
4516
9490
2416
2191
4970
7872
9741
8611
5319
5448
8454
3901
4232
8571
5169
4778
346
2535
6421
712
4448
8942
717
636
2674
7595
4659
6383
9069
4092
6500
5167
5164
8916
7358
134
6788
7099
8745
2108
4129
7199
7590
8360
5770
4342
3138
7698
6876
1142
9991
2906
84
2291
3541
4339
9885
8199
2305
537
3873
8804
5704
9037
7720
4644
753
6091
1743
9497
8198
7454
8279
7370
5814
5631
1712
535
4911
170
3258
4903
3076
3341
7193
6616
7680
8660
6398
9984
779
271
371
6482
890
8091
2708
1643
4182
6033
2722
3962
3487
2583
2914
883
8214
4626
1417
4707
4795
4674
9609
9452
9597
8384
6069
8859
7044
2467
426
7823
4319
796
5887
5209
8886
8595
8433
4650
6210
1155
194
9696
3738
3108
579
3534
9315
3578
8240
5692
9833
9432
5145
9430
7816
2796
8289
6443
5262
297
5848
1163
1093
1735
6371
1561
1912
4804
7793
8121
7541
7986
9399
1279
2676
9978
6394
3573
5138
6216
848
4971
5648
7574
4402
5047
370
4273
1490
7213
4570
7337
8375
7244
654
4747
8804
4148
1133
6597
3851
8673
6166
3251
1534
8841
4811
7927
3997
9948
5726
4844
6501
1374
2418
903
8002
4369
6758
9491
1582
2910
8410
9956
154
9064
6285
8957
4794
7418
7137
8644
7673
3303
3477
9207
2144
8287
8716
7722
9817
4442
2566
6319
7398
6565
8803
5400
934
7143
6474
4097
53
4884
4054
206
5530
1921
746
324
9338
7882
551
7012
1185
4027
7801
4910
3897
6517
4215
3714
2542
6780
33
1522
4928
419
8503
7443
7561
4977
1541
7614
1444
7176
9401
8555
9096
1729
462
8435
1193
1012
7029
3959
6620
6412
8869
517
4511
3084
5813
7052
1446
7427
8573
7955
7845
8659
5399
5407
3636
8521
4603
6661
5697
5586
6799
4793
7315
7260
4810
90
9853
1839
4049
8055
9832
2918
8572
4344
7583
4385
1396
611
3394
1552
149
1240
211
5547
8228
5428
5650
4413
3672
1347
9998
471
6139
8895
9312
950
8985
9165
4370
3034
7220
4203
7533
7374
8546
6698
3341
1524
8890
6735
4657
9038
9556
6449
6167
7784
3460
1817
3779
7131
3163
3777
7601
885
4255
6913
1834
3240
7660
6203
7855
6462
1988
6970
3837
2116
3668
7177
3640
4140
5494
9878
3179
5050
6328
928
4416
9787
2745
8194
6918
7489
1972
6101
8373
7808
4596
207
2630
3838
7992
485
300
1562
7454
4136
3678
2704
2896
8899
6843
8389
8777
1604
5022
5105
2532
9437
6474
5276
7632
4974
2765
1186
2657
2721
8993
8834
4509
1623
2672
2501
3689
2972
5645
2725
8689
9322
5428
3167
9803
3853
3139
8580
5457
8160
5268
7988
9179
1742
4846
6811
6716
9192
9578
9372
1913
154
8207
6422
3358
2461
505
7046
7014
6149
1353
5704
7053
8362
453
6856
2216
3591
7019
9254
3333
2287
7242
2513
4028
2088
906
2326
2862
485
1699
4775
2220
1488
1197
5578
3948
1701
4206
963
9432
7141
8248
6485
5503
8700
4924
7718
3874
1943
8554
7206
4229
5796
1301
9838
9465
2207
2165
2328
4273
5445
8684
6492
8514
9880
3652
2462
3163
9440
5006
4177
6581
3254
2245
2084
3537
7168
1385
7410
9110
9938
6198
4921
7317
7499
6341
8364
1288
8505
692
5560
5532
958
3634
4046
838
8868
6508
5583
8308
3096
9759
6471
6350
3586
8554
1469
754
1521
8878
1446
1460
6658
7948
359
5739
4290
8722
7026
4377
997
2586
9909
1954
7802
3955
4374
6670
2045
9956
6560
5141
1298
3031
3073
4884
3167
4541
7219
4688
5001
8665
7729
1659
8195
9669
8980
2485
8391
6006
6862
9387
175
8353
1342
7976
3890
5715
6228
5935
7253
2788
2658
133
7400
5730
5016
567
1853
3818
6836
6853
4065
6147
94
2260
5816
9073
4745
4208
6662
3189
5177
6836
3124
6518
6394
7013
3815
2622
2948
1068
5409
7187
2783
2809
2917
7798
4957
6351
3198
3376
4786
7262
9522
4880
9522
5339
5535
5849
1129
2197
620
6305
615
3743
4406
7008
756
9802
9629
5286
2453
6620
2473
5235
1011
6972
4615
5968
3323
7813
9343
8109
5075
448
4571
4597
7368
1688
2028
8496
5467
2647
6384
6081
6389
2372
4672
8727
2174
5883
5595
4626
2504
8067
9860
5096
6621
6058
2646
1527
3871
3571
1218
8945
4019
5788
5125
1387
9057
7152
1466
4524
9799
7849
2188
7770
221
6859
8079
3976
2742
3674
8602
6827
3324
45
1924
9944
6102
4569
3053
9972
8140
4270
501
2159
1640
5625
5127
698
2777
6592
5221
4158
6023
8990
3511
6243
7431
1590
220
174
6846
404
8582
170
448
506
1696
8132
6657
4749
8104
6379
9018
187
120
2241
5811
5246
2938
171
3421
9740
5910
9443
8731
1003
5687
6162
4175
7488
7917
1021
9473
6500
2772
9920
8587
4467
9634
6826
798
9321
3205
1399
9507
3324
3639
6901
8570
6576
7071
1991
7898
4563
1434
6629
5566
8702
4374
9740
7772
3873
2343
7245
1955
5114
8748
543
1163
8382
7368
1961
9285
574
3359
8793
3897
6997
5694
4049
5155
4347
6039
3053
492
9055
1265
6057
9339
5638
7379
7112
1093
9721
5939
3048
4835
4687
3590
5998
4652
2540
9540
3937
4695
2899
2730
175
1478
6
4223
6632
5934
1845
1267
6426
2482
2531
2483
1821
9750
1445
515
844
1166
6454
3891
7583
1141
9062
5163
5792
3184
4703
1312
7879
7601
4041
8053
661
5629
3858
8874
1563
7284
141
7988
9765
4254
2054
3169
4004
3498
3683
6429
4663
137
1902
3828
1278
964
8990
8651
4148
3693
9962
3609
2876
5586
3244
5118
1215
7101
3992
4359
5968
5715
2348
5733
9968
5983
8901
5554
9480
4167
1984
5725
4303
3885
9553
7162
6431
126
5814
579
3819
7358
5769
8276
2944
9012
3395
5740
7695
8968
100
3663
4683
4029
9396
4651
12
9879
206
1074
4046
2189
6798
9931
7655
7933
7093
4086
8059
2907
6246
3460
1848
2015
3318
6373
1027
6712
2114
8722
5681
3795
2385
1946
9405
3363
6597
9416
4825
8384
2072
8870
573
452
8801
9809
8385
7477
3896
8026
1966
142
1486
3813
2157
6385
187
4765
3098
3882
3487
361
7676
7454
2306
7081
817
485
8079
5641
8868
1733
6094
1023
2184
6477
833
569
3954
6310
177
5920
6451
3244
1315
190
9629
1501
4955
4309
5382
24
4669
4640
7477
8556
3303
9876
624
2964
5517
9491
4696
3193
515
6880
9670
2929
9030
5206
9238
9207
2708
5689
2451
4023
7461
2080
5523
2416
6388
2488
2439
2639
7127
1499
2778
2013
1375
3401
4976
8473
4474
9672
1667
4988
8134
2919
9498
7164
8124
8736
6371
2415
6008
405
6437
5051
2484
3542
7466
455
6029
1487
4675
4739
2985
7452
6751
5941
853
1727
4415
5327
2981
6081
1897
1115
582
2978
9861
8705
1714
6232
2702
9303
6636
9138
4354
703
2681
3402
2739
292
6471
7413
5030
1038
4866
1781
6979
7300
5090
1394
4209
9652
9056
7688
2350
9637
666
2211
9924
3961
8442
2627
3265
6661
1765
9200
8945
6027
2603
1684
6319
9073
679
1349
1693
5544
4712
8671
4427
1384
1647
8635
1036
703
6323
3385
340
8570
5595
1847
2532
5620
4473
5796
3863
7819
4996
4390
3847
9180
7655
166
9835
8333
3096
1529
5460
7807
1782
9886
773
3429
104
1809
5713
8009
6775
7635
8161
3953
9481
693
1155
3954
6488
5017
3355
3067
989
7201
3829
8643
8948
5247
6976
3627
6775
4018
3016
139
5486
3789
3567
7172
5597
9280
5181
3954
6915
3342
7906
7978
5617
9060
3514
3687
5659
6868
8335
6647
5652
2165
6872
6182
7411
3849
9808
5768
9448
2825
7488
4935
6613
1056
2107
3792
1918
8869
9327
415
3793
7234
8392
9409
7876
3488
3097
5118
356
1432
1765
7589
5178
220
3772
2589
5650
5162
9938
5098
9568
9009
33
7763
1647
3721
1555
3564
2590
2465
5560
6383
9698
5534
5792
9156
9021
471
4274
959
1903
7621
8548
7080
7840
3902
1252
3490
9063
2772
8587
8632
1781
203
6395
3427
3923
9532
8572
6513
1997
4132
4478
3277
9665
270
2433
269
2323
8289
1228
4225
5910
9775
2887
5332
3677
4138
8821
2740
8492
8990
2954
273
9192
932
5282
4698
464
3854
1211
4042
9568
5688
7318
816
7539
1333
1085
1444
9621
2312
5668
5531
2087
8555
2445
7345
4275
1266
1667
2767
1839
4621
4622
2613
5552
1486
7310
7597
5339
103
1639
6489
7372
8956
7305
6494
289
8389
7937
1493
701
5188
8605
4369
3743
1051
1714
9599
3898
3380
3949
5736
9582
153
9931
6716
1638
7241
4313
8558
8926
5951
5048
6298
6489
2353
2792
8360
742
730
9852
3024
5917
40
7392
1242
1090
688
2423
6570
4067
7953
3888
5232
8105
3819
1948
1325
2643
6261
1466
1569
3794
6513
7866
1866
448
2241
226
2771
4552
1660
5794
2051
1699
4768
4874
4371
5455
7296
941
1104
6832
4828
6335
6519
8647
8283
7844
2872
4544
892
4440
9919
7404
3888
1785
9433
6128
2010
2204
2262
5251
9579
4312
8532
5929
9185
2903
1384
8064
3843
2487
6478
253
405
2997
482
8687
2423
3353
4813
3314
9374
6314
2300
3263
8099
1733
973
1691
5518
3235
6942
5097
9128
7056
1026
9896
9958
3991
7960
5383
8060
6020
5635
8464
9016
7699
8733
1440
1052
5128
4753
427
1442
8635
5271
9540
368
6243
2814
5886
1060
1338
2565
189
8393
3591
85
9933
9163
9626
5316
7223
5646
2533
7269
6244
232
6002
7683
2866
2712
4019
4874
4154
2654
145
5276
4603
7969
9671
489
9029
1009
4636
800
9401
8226
2466
9334
8971
2092
6232
7777
9319
8765
5046
7145
579
2631
6411
5026
5342
430
9899
1078
4665
1626
7936
850
9595
7607
2921
207
8616
7556
1006
9599
7364
3471
517
6335
7144
6748
4112
8045
7095
9158
5190
9256
3371
1601
4282
295
3612
4182
1373
9858
5807
9308
709
6984
8497
5211
7190
7113
2767
9777
8295
131
3248
8811
8047
1974
5559
2160
19
4237
2900
6791
3493
7852
8391
7774
8146
3586
3538
9518
3444
9345
409
5734
6329
8906
945
5102
7601
3711
4879
5896
5423
9709
4707
3471
1683
1849
7212
3284
7667
112
75
1160
9545
48
516
7691
3633
4054
8792
8659
4981
783
4393
2892
9688
6920
7993
8872
2213
4455
4768
7636
4164
1058
2689
7428
2906
9900
712
2155
1594
2368
3314
1139
3998
5411
8829
9212
9464
9203
7871
4445
9986
3847
7337
9674
767
6912
129
2979
1367
4897
2197
7112
5954
4885
4541
442
6367
6834
2596
7960
785
7491
681
4782
2902
1093
5576
3949
296
3448
9975
282
8876
7312
1539
1225
5807
1667
4203
8755
8145
7982
5868
4099
2867
409
6122
9234
7242
300
8776
8026
9372
9457
4390
3857
550
9966
7805
845
4996
7780
1127
5454
6675
4247
6678
4064
5913
2463
2819
4059
445
8686
9739
4894
9094
7444
5710
7919
9325
4486
7527
8698
3943
3500
4137
6074
5048
1942
6919
44
1304
9627
7079
9560
5456
3757
3624
1369
6219
6443
7009
8246
6711
8331
3140
7388
5775
8849
5307
6682
4917
2834
6962
8860
7915
1099
6516
2963
4622
3435
4588
5926
4644
1667
7068
100
5423
693
3051
3225
8717
1642
1471
5428
9972
6192
2816
7329
5041
9704
4012
1540
4121
974
400
2036
3655
6916
4999
8276
1933
9586
4202
8159
2836
2853
9840
8258
3545
4473
3065
3844
6115
4535
854
7669
2309
5252
6581
8931
4956
593
472
659
3148
2453
2695
8384
951
9275
6661
2884
444
2445
2625
3279
5297
2465
3120
8841
8520
6184
4267
4635
720
5121
3886
3028
373
467
1960
6910
2641
4013
7569
5789
6465
264
5755
7416
1121
2416
1882
1564
4861
4506
6425
158
8552
9544
582
7072
5728
4848
3289
8029
1551
7175
2640
3505
7641
6181
416
283
194
7984
7653
6658
9829
3408
4074
950
5824
5955
4095
2267
2043
520
4006
596
1646
4587
9249
7374
1018
2539
5403
4150
1296
8042
7655
8936
5805
8070
801
5998
7636
8453
2657
7465
3444
8312
9996
850
4268
5673
3116
6310
7775
7121
8487
9420
3291
7737
6794
5890
1858
3780
40
3153
1822
9276
3671
7627
8928
4472
5207
6564
4507
7863
5611
7950
7758
5607
382
2026
2863
5079
9917
638
3783
9987
58
7073
9306
6852
4545
2746
632
6166
5898
4035
5443
1151
3244
4371
7204
8451
2518
1712
7896
8128
1244
5654
5318
1626
9261
8180
8286
762
8817
2069
2331
457
9141
1637
8890
5268
4382
1104
3017
1862
5139
8459
4594
9964
4412
1799
9997
8511
5092
9476
6640
6335
6712
1958
9542
7556
1720
7829
9899
2119
1480
2230
2575
622
5448
1466
7471
1412
2569
488
3273
9289
529
9448
837
6523
1247
834
5034
6338
310
1674
4256
8604
5213
5380
6160
6932
4791
6059
633
6271
9870
3208
8474
5318
6255
7527
6729
406
8015
1584
9695
126
1032
532
6648
2279
2947
1683
199
4839
4938
6036
3443
152
1417
1185
8665
7789
7243
9298
4060
7113
4088
4116
4013
343
1644
742
748
1241
2325
2025
1366
3356
4138
8014
7216
8667
9696
8997
3506
6216
5033
8530
6367
8031
9714
6615
5821
8539
7495
1463
7234
1583
7161
1247
3507
8804
1988
5836
45
5894
9443
2992
832
3581
1006
8048
2248
2284
8627
7335
8500
3660
5865
6449
3274
7161
4646
677
5700
2141
3721
2934
3723
882
4180
8811
1268
7749
4648
2894
5225
5673
5886
6057
9253
6891
5687
3084
758
4314
2001
840
9555
7866
8870
2829
5027
3517
3505
2310
5657
7226
5243
963
9689
1006
9773
958
337
6003
3851
5562
1676
9736
3201
2512
8210
8887
7177
550
3201
9177
1389
4338
8625
259
8749
5235
3775
2254
7544
1015
1062
4369
1977
2334
5374
1750
3291
7293
9335
8723
4437
2593
8460
7637
5104
8252
6524
3863
384
1307
3041
3354
5644
1666
3612
4393
6900
8969
8229
6026
1566
873
396
3542
3206
7351
6873
8078
4644
6208
6802
9080
8801
6844
8299
5487
5096
4823
9350
5479
7711
3973
415
3356
7220
5608
9330
4121
4577
9141
1729
7724
1597
2124
1266
6384
9475
9721
4463
5701
7511
1265
6364
7894
8108
4663
3382
4786
1069
4314
1847
8779
8286
2261
3717
5506
7868
4630
1209
4028
3771
2938
1752
6949
6643
4600
3334
7700
4321
7796
4984
1832
643
1348
9726
333
7592
4690
5118
243
9003
8546
9022
8871
2389
2739
5959
1839
7368
8750
5866
2722
3270
9200
9670
9912
5382
3004
7613
9702
2382
2597
3116
3024
5526
4424
4938
4700
9113
1638
4943
9698
184
5547
8569
4154
8285
6111
5993
7236
4861
3441
1540
8130
4223
2792
9624
9604
5796
8819
889
9759
2998
5587
2784
8523
11
9303
4806
9124
942
9748
8822
1125
6877
8974
5279
6744
5085
2854
3980
1528
6294
7101
1240
518
9893
864
1704
7271
9683
2593
7030
2681
8179
1396
2787
9771
700
7592
8895
1641
8922
9300
4347
5799
9856
1208
4125
6523
4061
9687
8050
1938
6788
9289
4037
6681
153
5740
5534
1418
9914
2565
4099
9675
5542
8467
9447
6241
7641
9924
9463
6563
9224
3811
3944
9080
5018
8068
7185
662
7755
5235
2599
6126
6106
6635
4389
6259
2375
9923
9258
3872
4070
3357
3547
9611
3406
4576
7435
1047
4501
6898
9191
5307
709
3135
5970
7309
2786
3155
7970
2123
8390
569
9830
6078
7203
4220
2337
1160
5725
3178
5031
9794
8116
161
988
1523
4736
8422
2569
9236
5321
1761
4544
7611
6477
514
6502
845
3668
4472
2968
3640
6622
4380
9718
5407
8599
3637
8149
4324
6814
3180
5700
6513
4922
6688
8035
9658
5110
604
477
2013
3946
6602
1207
424
8697
9290
1268
3948
3763
5817
7587
1967
198
8887
7374
379
4107
7105
6285
2503
1867
1985
9015
6789
255
7050
8029
6947
9236
8505
542
3182
6690
1748
5187
5387
2621
6455
9334
6383
3854
6922
9931
5633
7391
8887
6012
1498
5992
3879
4001
7859
5863
4598
4648
7700
1649
2677
4647
2467
2764
5188
5648
9453
8518
836
4841
1139
8872
4175
9103
4308
2679
617
9941
1653
9504
7535
3150
5496
2996
8732
4937
441
3331
1167
8140
6561
3843
4369
9027
8189
9557
6257
9224
9657
7092
5647
2378
7546
1405
3063
3437
4083
3679
4960
7317
3183
2495
468
262
7072
782
6780
7512
5694
7947
5653
2255
3372
22
2864
1561
1161
9121
2368
2400
7795
8014
6359
6924
9418
9421
361
3502
3101
5320
2401
7865
9396
4450
9708
6468
5232
6489
3980
2508
6018
9632
6345
9389
1237
9208
2533
3979
8329
4900
6379
7707
2914
2738
4631
2333
3742
4991
7416
8424
311
9816
7871
9706
4267
9162
6174
1081
7233
1736
3588
3251
2951
9932
2640
5769
9141
5172
9747
9052
72
7708
6759
4568
2029
2972
6900
5770
7962
4316
4194
9854
5714
2065
9560
1563
1227
7316
2643
8459
635
6231
3292
3585
6163
5932
9353
6886
2686
9100
7521
4340
8391
5862
8907
420
8834
5807
6189
6796
1705
1965
6651
9000
5611
7793
564
8420
6692
3206
8461
7326
1019
1754
911
8764
9267
1846
5650
1953
2528
4753
6292
919
616
6781
1338
1032
4170
9108
7827
7456
1073
6060
6457
6684
5436
7020
5104
2128
1808
3565
1036
2827
5318
1946
1591
6167
5373
8822
8120
7900
5158
5994
8819
5773
2776
1739
6804
6945
848
6213
5984
1920
3856
2441
186
9291
1043
5289
3001
2850
437
4036
7258
7336
7563
431
3504
2936
836
1624
836
5993
9199
1237
1766
3557
4558
152
2085
5405
7946
8068
8906
1802
509
9092
1093
3133
4381
5675
7564
6399
9710
4823
3736
7273
6835
7239
209
7670
445
2627
3663
9643
5445
7010
4783
3
7161
6867
5407
5108
4935
4314
8491
7025
4988
1167
158
9368
6841
7721
7350
6552
4126
1086
3825
962
9906
5616
8631
351
8242
3877
1576
3687
887
6358
5272
8048
4807
679
4738
9741
6574
3229
8348
1562
4395
8505
2513
1237
7809
9862
9370
3517
2530
3195
6060
2436
8810
4692
4368
8634
8568
7525
2322
9454
5466
9175
9084
273
9853
5404
1597
8010
8633
9944
9571
4610
33
3666
7428
9423
5110
6798
2940
7639
1576
9000
1657
386
5274
6024
9020
5424
3550
2924
6460
9015
2099
7127
870
3534
2531
2466
1544
2746
2411
2698
7356
4025
7945
6366
3448
3056
3165
7969
2277
4740
8551
3934
6707
3825
1540
7309
831
6671
1815
7291
5686
5495
6000
6556
612
8530
604
2155
2859
3014
6434
1797
7038
5962
8162
2068
600
2909
38
2876
9230
8588
8391
5938
3996
9931
4829
4826
6602
6644
3699
3871
3721
1281
2009
4332
9811
2612
8069
2670
7208
6085
4466
5828
2047
4210
7896
2646
7119
9515
7104
6349
9685
5495
3869
3681
7008
281
90
5193
8506
5370
646
2227
6651
4236
8141
8044
6847
6210
2296
5637
2295
8343
3048
5924
4135
944
152
1254
2041
7255
9185
1726
4333
4636
6989
2923
4916
7078
9697
5004
4030
343
8813
2263
4578
6954
1889
3008
3164
4184
227
7040
4109
3274
4546
8244
5799
4698
1080
7839
3535
1847
1148
7867
6483
8136
2373
2981
6796
2070
7985
826
3995
6798
4671
8572
5334
6559
3162
8497
2326
3389
7119
6434
8244
1666
6260
4044
7945
7340
1883
1480
9186
3030
930
7251
1166
3302
233
9543
6953
9799
370
948
8179
6622
1103
3513
3181
5846
3592
7088
9234
2293
3523
9061
3958
1365
3105
3485
287
4987
4965
1056
9599
7476
8306
2347
2360
121
1891
895
1502
3842
1843
1263
464
4527
4775
5226
373
9948
2315
1190
2242
7419
251
7781
8783
3355
1267
9070
9923
7813
1708
9522
6871
14
3452
9230
1717
5342
125
3218
9183
3549
4481
1229
8075
838
6454
8448
787
8768
9637
3028
7769
9887
2391
6553
4824
3657
7205
4747
3052
8912
5852
9922
508
9303
735
2224
4645
2442
5442
5410
5990
1505
8220
4066
2342
4674
4096
3128
5025
5315
7737
2794
6784
1711
929
1608
6949
8133
7936
2
8627
3788
1506
9135
3091
2241
2941
9317
4682
9964
4727
672
1469
2947
6319
3811
9203
1997
8520
5810
7311
7840
8603
5677
9550
1115
7284
6499
830
6803
8082
9457
591
9588
175
5264
1829
4697
4581
8092
4662
891
346
6130
5419
8247
1523
4622
244
1626
2014
9137
9465
2200
4814
598
3314
3681
8678
4143
484
8343
5182
2656
7931
6938
7919
1342
1636
2501
9433
7879
3391
1361
4009
392
9607
7114
6596
1434
8739
8609
571
9786
809
6966
1966
5704
2229
644
1430
2712
569
6611
5368
8499
5132
3287
1423
8349
7369
2438
6228
2342
3799
1819
2734
4988
8932
9329
6421
7671
9520
8573
9039
330
7122
1005
7615
9350
3231
9044
3645
3799
7238
9012
3881
2370
3881
5303
719
2833
7741
6946
5174
3122
347
9489
8109
9279
401
6113
8532
9921
4686
7572
1833
3390
159
9447
2741
3389
8492
6385
8770
5730
6979
2651
9681
2442
7953
400
5274
7276
8927
2031
398
9273
1520
8507
135
1921
4620
8667
3424
888
6239
5256
4278
7979
6285
8600
1369
4777
4985
1721
2089
3546
4371
3352
5987
3906
3751
2844
2765
4260
4874
3162
5116
7975
3251
5250
9895
9452
5499
3319
341
3320
157
6200
1300
6442
4800
2668
2801
1367
5970
6472
6494
341
9823
2481
5828
5157
6906
8592
999
1780
3337
6114
9755
6587
2947
1233
6040
8445
6134
7962
1766
6290
5744
4647
4314
2126
8896
7115
5074
4866
3587
1568
6788
4992
5630
2616
149
2537
2791
1148
5898
6127
8843
5653
4296
3372
8468
1918
1818
4602
1462
5165
2474
7205
9811
6788
913
8707
3903
7568
5155
9071
9135
1943
4063
6348
4558
4212
467
8930
6941
6364
5057
5784
3600
936
9156
2068
2853
2556
8251
4315
9302
725
3102
696
7512
5597
985
2997
3165
6139
2068
2301
8081
6131
231
4221
1925
697
3152
8865
8642
9790
4649
2242
726
5387
5891
3579
7942
5724
9475
8826
6449
2577
9521
5543
8173
506
8540
1339
6644
2190
5221
6307
8320
7033
529
1827
7729
3680
692
6371
3470
6923
196
5778
2310
7668
9356
1835
3393
8831
661
1424
2990
183
6966
2746
2270
7088
5666
497
9278
2469
6803
9180
9501
7331
1008
8812
2593
1699
6765
7645
204
8542
3423
2514
6211
4361
5930
1186
4774
8172
2609
9345
9936
9574
2091
2207
6663
9338
2703
7523
3389
9505
6703
4472
8419
7710
3284
2594
992
1632
1821
1195
174
5243
5290
7966
1186
1220
9151
5959
975
1760
5305
911
2917
8977
3117
1162
9898
7401
8684
3287
8489
5387
7759
8490
4680
2625
1084
5671
4256
2905
6865
4430
9729
2156
3978
916
4957
3130
6874
5931
6471
3761
8424
9387
4321
1541
549
4219
525
815
9087
9013
7784
6846
7503
2464
1054
169
8134
5309
3073
6581
1321
4385
319
5299
5300
5276
11
3756
2789
6481
7517
1213
5869
1838
4336
7999
7638
4860
397
6725
5455
8180
5154
2958
2226
6207
4708
1942
1516
9363
8522
4419
3748
8841
1300
9047
5699
1310
4385
8487
7790
3484
9700
5241
5321
4036
3241
4541
478
3637
1267
5932
3399
6420
472
5624
4209
5179
7565
5724
6124
6087
1725
9871
6510
3024
501
2209
5915
4886
697
3706
8369
1979
8946
5273
7596
3769
9813
9655
7405
2662
5587
2386
664
7640
8009
4872
4401
5574
2179
526
3244
3903
397
9753
8509
2480
1963
4424
7365
4241
9711
7316
7801
8658
2589
5397
4009
3985
6634
2997
6646
2221
5382
7310
1443
3392
2182
5843
8965
4360
6368
2209
9845
8347
3545
8354
827
5507
2778
9773
1330
2490
7089
9130
2730
9678
6109
6738
3663
2743
9734
1891
6545
6699
783
7987
91
2965
5412
638
8906
3363
4429
8751
1710
7973
8687
4118
5062
1466
3891
6391
5537
2562
7103
9848
2240
4794
8168
7484
7536
7903
958
5663
6184
1740
3650
6274
6286
9061
6911
5193
4006
2922
5526
7297
895
4214
1415
7538
7261
6887
5511
2798
9449
2614
4228
3271
7407
2396
2338
6525
1881
4877
2188
8064
6616
7419
4338
2903
8063
2832
9677
2069
7335
5203
9366
9812
9416
2363
7350
8259
9250
2862
2639
282
7057
6866
5134
6047
9262
7471
4154
1143
3930
6342
790
547
3761
6709
5031
1824
1123
6290
5475
8458
1493
4841
8270
2492
7203
7202
751
8035
1646
3390
9898
286
1838
5033
6332
1100
4086
486
3825
8016
8409
6196
145
3753
2905
5175
5576
4028
1465
2633
4068
4539
7473
2338
8612
6259
1122
946
5876
2768
4335
5775
3053
6172
808
967
8854
4893
1452
4261
4491
1444
457
4635
5196
3361
1392
2354
8970
2856
4987
3038
8977
4042
6957
9171
301
8079
117
6177
2429
6033
3534
5481
3788
4341
6447
2642
816
9480
6902
5307
2506
8940
9941
7701
2301
1334
56
2854
5771
6624
5891
4748
666
4431
3920
2549
2510
5618
8725
4938
1652
2259
2001
5439
8181
8447
8080
8996
9509
6564
4303
2016
7086
4245
1299
9386
5578
1354
3822
2931
7977
1296
9261
226
5726
4763
2774
8235
381
3081
4755
2032
6921
6755
7470
5102
6784
7132
4098
7875
5278
9983
1473
2364
4228
2772
3333
1388
4125
7154
4318
3685
8449
5161
5492
4175
9923
8265
3992
305
1346
8746
2336
8266
7083
1389
3368
5449
8520
9047
3325
3799
9030
4797
6162
4840
9150
9494
7809
3276
8231
2128
8542
6680
7288
4034
856
8794
3881
6429
9098
5226
6758
1434
3492
5423
4404
8441
873
2925
9070
5779
8305
8101
2158
6049
4523
1309
5544
2333
6166
5357
6042
6290
2037
4912
324
4474
3706
5786
904
2804
1012
9243
5820
6085
4666
224
6108
5538
4730
5178
2899
3035
4861
5057
9084
9384
7947
6210
1717
4113
1567
7758
403
5185
2670
2308
9659
6376
8093
2145
762
687
1388
6581
6771
7635
8387
4461
4756
3117
9638
7654
6152
4500
4293
6818
5466
2240
3028
7182
7934
6176
6522
8336
1361
9191
2226
1020
7149
1901
4746
7911
2587
6133
6074
940
5351
4461
5400
107
7578
6621
7760
5312
2703
3636
2130
8168
5875
6739
6932
3810
2915
3454
3728
4275
4227
7536
6877
1377
9436
1623
870
3606
9338
6943
6127
4689
2987
3110
4795
565
1313
4137
7458
4015
7772
9587
2183
3648
6326
9114
9039
9240
4150
4349
5097
8376
1885
1974
1335
2904
3597
2204
8091
2935
730
5800
9205
5298
8909
4000
5862
222
8136
4902
5818
7491
4489
8000
2721
815
8696
1760
1637
2846
7690
6733
2805
9575
8707
4139
4061
3886
7925
3734
6820
237
9533
7607
5534
8443
1607
2978
247
1325
7879
6065
8815
2368
5647
1536
4764
5926
4877
7982
354
2568
6297
3158
3725
5004
7297
9367
472
6804
3101
8873
7040
2634
6480
4156
2659
8086
7133
2906
994
5012
553
1391
8961
6199
4509
5307
2125
9385
4871
2479
3535
1168
5636
8841
7754
4515
8208
8225
2901
1309
7099
1523
5525
3579
5678
8183
3248
2811
2671
5823
9404
3223
7213
9947
9422
1722
6836
3129
2690
1707
5607
7806
2875
2826
6648
2211
8922
4856
436
3406
7747
9116
4928
3272
2696
607
3037
7525
4999
5708
3348
5986
8930
2143
5933
9934
5447
2770
4646
8136
6058
1835
5942
515
4660
4172
2725
5165
9028
3161
8570
8357
2277
3498
1629
6554
5686
6247
5661
686
1955
591
6671
2468
2734
4186
3984
8180
8537
8629
7898
4596
465
5422
5110
6706
9594
7835
1871
205
2578
2023
8561
6436
7103
1772
4573
2789
8018
234
3474
9973
825
1727
4023
5140
5913
9588
4902
4450
8218
4382
9045
265
9803
5738
6970
980
5155
424
1184
7732
4028
9744
4168
1131
3098
8740
3920
1117
557
8975
2672
1381
703
6694
8102
8197
7864
3004
2647
6082
7385
3275
7928
8770
595
6481
9750
5749
6904
2516
3481
2514
3843
9230
3645
6940
7971
9146
8056
110
8121
2310
3072
406
586
1174
8602
8450
5759
1250
4532
4726
6106
4043
3496
6700
524
4828
2449
9009
8926
7511
1523
2769
6741
5167
9708
6294
5895
9347
6403
4017
1657
9474
4422
2243
2230
4607
693
7988
5856
6806
2714
3544
849
7792
1826
1372
4202
5856
381
3128
3367
3486
5896
1690
235
7187
7984
6130
6534
5969
147
8190
5444
6150
2015
7673
757
4289
7244
8194
1096
9957
3320
3526
9331
5145
6480
3534
1001
8442
6661
5949
1928
2558
7639
2163
9744
7205
8292
7860
3174
21
7632
200
7752
9647
7873
92
5518
6699
8285
8195
8238
3188
1722
7570
8332
9783
1104
916
8225
9346
6864
1736
3486
6085
5480
4812
3290
5354
2672
6464
6956
1887
6663
4708
3116
6118
4799
8633
2817
4667
6829
1056
7854
133
208
7768
9915
2893
8683
9722
2239
7130
3040
5725
3215
8519
2119
6505
3873
4791
2969
829
8259
1214
7119
1375
7332
3500
8
1731
8166
8418
4368
7602
8550
6157
6953
48
9049
5636
9770
2871
4348
4392
178
7563
2912
2296
4068
6784
8668
8618
9195
6927
1414
6314
8301
328
9813
9891
2059
9562
8309
8008
7164
6860
4166
4117
8489
4797
1336
9841
7667
5683
4234
7844
4828
7145
1723
478
5511
391
9095
4706
7318
510
2602
7201
2419
2416
7092
6059
1978
6984
4068
724
3844
9815
6423
2333
6194
9340
3757
3862
6605
7990
3288
1434
5135
5010
1911
2228
6983
2589
6934
5883
4680
9535
4666
7098
3533
1759
3158
7092
8742
8807
9398
4168
8622
5821
8082
4816
6743
1839
260
3348
9828
5130
6363
6545
1722
9856
8773
8704
2445
7289
6169
8706
8406
836
5804
1940
4176
544
9031
2918
9350
8429
8667
9554
5832
8331
5953
4157
171
7794
7505
1581
2924
5450
9708
4646
5306
64
4932
7750
7352
1102
6456
5758
1937
3843
9279
7694
4386
9893
2194
5319
9904
861
4873
5737
9191
2408
9893
944
203
8980
4107
4708
4431
5397
9353
9736
5460
5868
9069
4394
6969
7107
1734
488
2532
1014
8181
6918
2489
375
3819
2393
2817
274
8129
3590
2682
9605
6116
4466
8585
1805
9173
4598
7201
8527
5917
4243
4395
6568
219
2946
3675
3534
5015
6207
6129
4778
4707
8617
6734
8525
1011
9550
8798
722
4722
3062
327
838
7527
495
4224
6701
6674
1425
6810
2591
7249
2787
9158
9049
5732
4416
2584
2329
623
8712
7106
6911
7330
5422
5436
9922
4972
5816
644
1276
8878
2553
3696
6405
3047
7919
3106
9720
927
9915
3894
8175
2702
4634
8807
16
9049
1391
3926
9671
1685
1032
6582
597
8035
3600
519
4589
9416
1163
5865
8294
3715
9560
6281
8343
7479
9387
9645
8405
885
5121
8163
5169
9755
8552
6766
8804
9942
693
59
3209
3306
8222
3806
1342
3405
4324
5930
2821
7068
3377
2697
2365
2937
8977
2290
1999
9946
3518
1986
2414
8638
1731
7582
8393
283
5930
8780
1807
6622
421
5016
1511
225
404
4434
3629
6309
364
6449
3378
3741
728
7324
8259
1288
9614
258
1234
3132
3826
3647
3352
5556
2811
3328
7421
8741
3690
9227
6945
4110
5825
8455
4334
6228
4471
7963
2538
4835
5994
7497
158
6722
6403
8416
8009
7599
257
825
2313
4082
6054
5665
1220
8864
575
8640
9187
4264
9450
7715
8373
5275
7752
4289
3086
2224
2252
7205
7058
9828
6284
8797
8132
2687
8795
7723
287
634
8547
2599
4715
4601
9845
7517
5048
420
6157
5817
4683
5607
3532
4638
2465
1285
8927
5550
3508
1179
2755
2148
2589
621
2527
721
3307
1322
8443
5175
1956
8573
7774
8252
4756
9201
5769
9803
9621
3509
7203
5886
698
735
525
3162
3601
9451
294
8690
2212
4630
838
4801
5250
4946
5521
140
6268
5547
5314
9805
4120
4670
8057
8875
3872
5409
262
5075
500
7464
961
1197
9780
3067
5941
3382
2518
7816
2072
6312
2447
4492
1113
9278
9437
8215
9417
5705
3762
4732
7092
9463
984
5150
9921
6437
2141
183
1512
4222
9228
4055
5418
9008
7121
2941
3972
1222
758
6044
7533
4786
2118
228
4064
1555
25
5064
8842
5369
1378
5934
4832
2361
2666
4753
8798
6388
6517
1892
610
7327
7528
7610
6336
4650
551
308
7453
2890
7933
6568
9257
51
8377
4904
3188
8401
9967
2030
3770
1345
9545
185
5287
3794
6519
4085
182
3037
7559
792
364
5087
9983
8281
1319
534
172
8771
5006
9686
6921
4263
1320
5298
749
4507
5282
716
8118
9051
3642
9245
9235
8929
3039
5755
4596
3221
374
2155
5594
2319
7242
5577
2183
143
7692
3936
497
4280
3622
7417
126
6523
4298
874
1030
9579
1590
730
213
6813
9975
1031
5742
3014
6785
1921
7816
8740
4075
4992
2641
2899
2151
4823
4624
9843
8758
5120
5705
3963
4119
5830
486
8416
6704
3098
9577
9875
5409
9790
8270
5384
821
4013
9980
9187
7515
9378
9509
3172
4371
2150
6071
8103
8555
2277
7946
7313
7396
5234
2858
1515
1064
4926
9931
9349
9605
1091
807
5014
2463
9077
1981
3283
4672
3543
4052
2187
4503
3561
5358
456
7293
3011
8559
5848
5287
8087
4743
4265
3321
7601
5780
5967
4109
7293
5316
5296
8383
7705
310
847
6782
3872
5711
3036
8996
1346
6804
3500
4906
2162
3955
2199
6755
2514
9628
3624
2184
4372
7889
5504
3555
5251
1471
7663
2544
8369
2959
2509
6074
4850
3355
4438
305
649
7473
9300
1994
4277
2800
8481
8020
8337
2263
6357
2433
1891
1564
4616
6262
1035
1703
9816
6285
3173
9061
411
3124
3602
2919
780
8452
7856
5217
8756
8504
4272
9638
2080
131
4021
561
9733
2358
4405
6090
6372
6296
9235
989
4140
270
4273
5539
6554
9027
4600
6964
2152
8202
9883
2931
8236
9321
8148
8574
7825
4002
8212
1487
4133
2233
2047
3866
6172
6452
1538
2545
4330
774
5115
8469
1043
9387
4008
9179
8414
191
6143
566
9974
7608
5079
8210
6929
4809
6784
6336
8810
4996
7822
4525
8811
1452
8390
4983
9485
1511
7527
3815
2284
4224
3866
4908
3611
9456
4087
2026
9646
1813
4173
1203
9420
9251
9412
6350
5642
7778
2686
4453
4356
2091
8977
3167
3542
8950
8150
3027
2043
7259
8423
4326
1484
2289
816
5094
1745
4903
8701
1391
8297
4457
4175
7717
5290
3587
5649
933
1365
9917
5385
7303
2008
5944
470
5549
6476
202
158
8518
7461
8580
4426
527
869
5242
7202
4196
1727
5904
7168
24
1943
1344
9322
7232
4930
4972
8164
7877
4889
5131
5180
6896
1076
7231
4027
9133
7433
5766
7652
6476
4346
2078
7002
6796
8901
4204
992
2210
1690
8160
2233
3632
9503
1556
2447
6015
8109
611
5474
2998
5742
654
1476
8399
9467
5502
7532
6900
1268
6766
4958
7195
8844
1960
3991
9327
7745
6565
1538
9435
4725
5352
4649
4228
8489
7095
1825
6598
7706
7299
9595
5030
9534
1071
5011
9001
8154
4125
7483
1004
892
2441
8198
1318
4400
3772
645
2146
337
3764
3163
5061
9116
7811
871
7605
6489
2695
5786
5777
9993
5381
807
1111
8034
7399
112
7770
1524
7595
8774
3997
36
8554
6896
6018
2326
9123
9745
2662
2887
4490
9304
3585
3883
1757
1191
372
6034
8558
6148
7609
5521
8536
8719
3555
5935
8831
2908
9041
8008
3264
3038
9625
1818
1517
7225
4144
640
6970
8387
3526
3042
9274
7111
6925
1031
9883
7296
8646
8441
3445
6256
3962
1981
4975
9099
9498
5388
3589
8539
3396
6852
3159
3022
8669
4675
247
4395
6896
8799
4365
423
1841
3639
9115
8765
6251
8998
7644
4898
9021
2671
2736
4565
6233
7710
5246
5731
3099
8834
5852
6494
5686
594
1098
4356
6850
1345
8750
3747
1726
4697
5751
3566
9917
4866
3914
6169
5446
1558
2649
6049
5810
5384
614
2043
4676
5860
7774
7774
4694
5208
5851
381
7383
6948
6318
4234
9874
6650
9562
3182
1348
5313
6748
1265
1761
2244
9015
7206
5383
3246
3255
1193
8629
5450
3235
3306
1310
2591
2662
7586
7799
95
9548
5182
8625
5866
998
82
4098
560
3264
5445
7454
1594
8292
9214
3837
8889
8002
802
2136
1257
1994
765
8289
6810
5652
9598
9401
9896
8766
8782
9990
8314
5546
8615
5762
6544
8697
9860
8685
3543
6887
6140
5136
5179
6936
555
4069
4939
1356
6204
7777
3349
8550
6066
159
5785
7247
1142
7263
6013
9923
7253
5910
5470
7451
1672
3596
7730
3114
2281
1273
2
3
7990
6762
6939
8544
831
1878
9899
8616
1237
4830
8749
7303
6570
6116
4550
7712
3379
2145
9217
2214
9636
4687
1247
1309
9864
8976
4422
3728
1831
6005
3730
1403
2768
2251
9946
5180
5710
1428
3797
6947
6257
4128
5832
2828
244
1964
2122
5204
4108
1339
7417
3745
7608
8664
6635
7472
9222
2639
2782
2636
8644
8094
4038
2994
345
5567
8173
7637
6994
3552
6166
4834
7679
1998
9243
7922
3961
1365
3126
9650
2703
2126
3395
1893
2372
1612
9365
3176
4251
2147
7393
4477
241
1432
7470
2168
8580
7225
1387
5574
778
7552
408
8456
9549
9650
7961
5092
2597
2669
4742
6882
6376
9719
8774
8747
1331
9721
3506
7163
1869
899
3222
3691
3912
2274
7440
2492
9499
8826
8066
1859
6378
56
315
7509
1289
9857
2601
3885
4109
8925
767
485
8644
9541
815
1557
9262
4320
303
2713
5218
3524
7986
9130
7380
7008
1622
6879
5835
1270
8737
3795
2908
634
1305
5778
2074
5487
9662
6182
4412
2012
6666
4638
3135
7480
7777
3979
1800
8079
8274
8600
3185
6260
7730
565
3268
